-9405 7495
1055 5672
9806 9798
-52 3071
9756 7475
5575 -3192
-6868 -6363
9680 8250
-3207 9113
4001 -7084
-8161 7391
-9566 -4274
-1226 4475
1900 -4094
2866 -5862
4187 -2380
1654 -2172
3617 6015
8849 -6109
-9914 -1363
8521 -4828
8120 894
-5169 -5295
-7619 8200
-7535 -5146
7495 7386
5664 5130
-8496 9220
-5686 6725
-2536 1193
3805 -4798
6796 2499
8547 896
-1566 -646
1763 -4383
185 6713
-8474 8490
-8685 -5146
-620 -7714
6756 5941
8177 -5508
8512 4112
396 -3879
-9955 1726
3824 2041
-944 -54
2517 -8153
-8040 1242
5240 -8139
3069 -9725
-6780 6087
8507 8756
-441 -7536
-5563 6807
-6580 4368
-871 -7395
-3887 8057
-9017 8976
-3223 4766
8781 8561
-2683 -710
4879 -8343
3489 -2756
-2162 9186
5845 3180
-522 257
-100 -8684
-3908 8528
-3454 -6313
9431 -5563
1772 2499
8318 -8209
6915 8404
-3412 -3949
-8940 7638
3625 -5817
-747 5048
-93 3526
7892 -8970
1250 5926
-8964 4698
1441 -8679
1461 -8496
9017 5560
3088 8658
7405 1034
1726 949
-4060 -441
6932 1242
4112 1701
4094 -4239
-9703 7793
-2374 -1298
6725 -8890
-561 2577
-843 892
-1936 1462
4973 4003
2838 2945
-6085 4335
-9957 -6085
-6014 4497
-6600 4368
-1363 -2014
2675 2237
8525 -9013
9136 7025
-6674 3712
-6646 8917
-3119 8531
7283 7296
506 8529
-5932 -5574
353 -4703
9108 208
-2531 4573
-8120 -2858
-4082 8819
-3503 5237
5596 3810
-3053 -9890
1505 4585
6886 -1354
9246 -747
-3775 3276
3476 -1510
6760 -3263
-4143 1373
-7524 7391
398 -9017
-4137 -779
162 -284
8094 466
7805 -1367
8702 3263
363 6393
7621 -6872
-2204 -4776
-5146 -8807
6176 4058
-6085 6688
1571 -8708
6284 3232
-8783 -2958
-5776 7249
3058 7391
5006 5787
1497 -2090
-6818 -4808
-6673 -5187
-4238 3899
-1158 -2145
-4137 -1419
5787 2355
6159 6490
-8251 -1688
-7193 -8051
-8504 5847
-2985 -9848
7111 -6261
-6426 1531
-609 -4530
-6221 8522
641 -3228
-2569 8820
-6092 -631
8744 8756
2435 -824
-5082 1337
4909 -4677
-9216 -30
1782 -7752
7040 738
-7788 9733
-772 8561
8750 -6501
7263 5276
-8535 4585
-4503 -52
-30 4003
6088 -2681
5094 3077
-6322 4621
3881 -5260
1789 1900
6819 5876
6806 4514
6914 1566
645 -4184
7828 527
7906 4240
2238 2821
-8725 -4327
-9464 5562
-5595 2760
-21 9413
7553 -4938
406 6725
-425 4704
-8323 9980
1333 459
-6890 6333
-4892 3864
1430 263
-185 -2602
738 -1043
3954 8052
-3225 -4094
-8835 7647
1763 -7103
-2689 4678
9783 6077
-1373 -7788
-9036 8761
-6711 2734
4113 4793
-9566 8307
656 7395
-882 -3606
6713 -7008
5430 8051
-6962 -3340
9011 8673
-6835 -5379
794 -3973
-5989 -2164
-3059 365
-5042 -545
1891 1566
8060 -9706
1506 4121
-2931 7499
-8422 5182
5449 2723
2100 7889
8183 -8696
-7077 4772
6008 -5372
-478 8057
-2181 -5608
-7154 -6361
-4097 1897
-3073 4145
8379 3213
4119 9136
-3995 685
3688 -7677
-4285 -767
-8984 -899
-1382 -1373
-9586 -7963
-8689 -8906
-5951 -294
-7672 -6783
-9527 3810
-1209 -4413
9494 -2607
-311 7660
-9911 5270
-2943 2377
6584 1698
-8245 -7385
-7588 -8153
-4818 3599
-415 481
2665 5596
-1913 -6912
-722 4124
-2275 393
1283 -6752
-8362 4120
5972 -3223
5197 353
-4037 9808
969 -834
3077 -4903
-2136 3987
1275 -187
-6912 2397
4990 -9293
7475 -4991
-5890 4343
7854 -4151
6713 -7103
-9702 -4691
4488 3824
-8139 -455
8375 3192
5985 -8705
3168 4354
-284 -6863
717 -5652
7433 4113
4494 3761
-7269 -8851
8570 7230
-9854 396
-6620 3020
-3743 -187
592 5058
6279 9909
-3641 7146
4066 -6945
-5716 -2385
5860 -9950
3864 9897
-9848 -8141
-6514 -7051
-9914 3016
33 -9911
-3037 -3394
6748 -5135
7032 -4380
-6202 -9226
3727 9083
9354 910
-4894 -7802
1159 -5417
3862 3864
-2904 -4207
-4531 -9899
9754 8266
-6899 7462
2313 -6867
4221 -6092
3072 -3062
-2539 7499
9685 -2904
7735 2838
-5613 1746
-7711 -7699
1248 -8689
5592 -9253
9657 3314
8485 5600
3497 -8466
-4761 -3678
-7093 -9064
-6502 -8466
-1559 -5826
1674 1763
5270 -9405
-3271 8588
6835 3203
-8944 -8835
8021 9400
-1786 5966
7061 6730
-4291 -9898
4693 -7658
-6545 -1884
-3385 4028
-4813 -9981
4434 -2136
-4332 -4137
2268 -9606
5998 -455
-4573 -9007
2276 3996
3998 3999
1726 -3119
513 -6716
-4798 3212
1881 -568
5867 255
-6235 4203
8051 3137
6967 -6457
-2987 6776
-9350 -7346
8018 3771
9650 263
-3844 3021
3787 -5686
-722 6310
-1539 -1872
-7652 3640
-655 6351
9058 -969
-6608 9058
-7223 4049
-9285 3054
8243 -6673
7793 -6574
-5926 -1959
5504 -9546
7480 1677
-5263 -6155
-751 813
-1421 1462
3016 8282
5694 -1007
4908 -2265
5653 -7867
-1219 -1158
5815 -4209
-6743 7974
7611 4531
-5131 8086
-1063 -7892
-2089 -1063
-756 -1634
7015 -9748
-311 4693
-7577 3008
-9882 -849
9986 -9955
-1737 1768
1237 187
-8256 -5817
1972 44
9577 -2365
-7076 -2664
-7985 -2612
-3085 6457
8423 8604
5422 2202
-7802 -269
-5350 -7278
4151 2657
225 -1383
4847 6565
-152 4847
-156 -1246
7006 -4381
562 -3123
-3144 7529
-5762 813
-1809 9258
-4360 5427
7553 4905
9371 -1435
9982 -3783
5279 5664
9567 6046
8500 6944
-3879 5059
3599 -7141
-1063 -5822
6070 -2709
-8970 2104
3536 1798
2239 7544
-4274 8455
-2041 8060
-1001 3008
-84 -1872
8399 3058
-326 -5566
-8869 -6645
-8141 -3394
-7123 7634
-6355 9754
8903 -174
5954 -8396
-260 -4547
8243 7234
-4391 -4360
-1113 8900
4905 -7076
-4703 298
-8837 7791
-7 -4894
-3424 -4133
1726 8923
1410 -5364
-955 4210
-7007 8177
2575 6093
6825 -6491
-6416 -7141
5186 7019
-9214 -4037
-7071 2606
4192 9648
-1267 -6123
8144 5966
-1719 -1204
3108 -2442
-1786 4588
-6330 6054
99 7079
3733 1002
-1887 9438
3614 -965
4540 3581
-7596 6333
2244 1195
5132 8529
-4000 8544
6393 -4704
1065 5833
-441 -2365
6611 -3109
5995 6284
7529 -253
-4868 -5573
4081 -1786
1972 -2904
5006 9588
1775 -1753
3598 -9692
-1683 -4528
-6416 3263
-6025 -5574
4719 9195
9588 4872
-6128 -8235
-4547 738
-5144 2973
1613 -5331
-3756 7414
-849 1915
6655 -1801
6905 -6674
-8425 1901
1577 3072
-1417 4982
-5168 6565
-2442 -5900
-9017 1159
7741 -7109
3868 -7084
-1935 -570
5909 -644
63 481
-9981 2935
5511 2929
7537 7854
950 874
2457 4394
-824 -2616
-8112 7743
-466 481
-8147 6397
2412 8512
-6189 -2871
4332 1570
-7651 7531
-8883 4282
-587 7195
9192 9640
2935 -7111
3860 -7084
4075 870
1335 -7387
109 -6745
2626 -5832
-5765 -722
6760 -3144
3212 2992
3097 5972
9203 -5762
-4165 9223
-1331 8759
-8629 949
-9214 2111
6315 -4624
-2286 4240
3718 -1219
-3678 290
-4384 -7428
7765 -7858
1159 -8535
-7172 8685
4766 -7081
3638 -4798
-6710 -9353
-4691 8490
-4633 -253
-7652 -3378
9195 -6804
6462 4704
7079 7157
-7530 7475
-9772 7722
8242 2140
9397 1073
6432 3862
6412 -5898
2953 -5566
-3192 6967
481 -4291
9338 -8093
1889 -2612
-1880 -9483
-5217 -1840
-9352 1086
-9063 -2709
3375 -8280
-864 -1116
11 6525
6725 -9584
7495 8895
-2487 -101
-5826 -5756
6397 2036
-8013 7283
-5762 7620
6525 -3109
-9860 -2971
1247 3400
9666 -284
5961 8144
3830 -5431
-9763 645
-4532 -9800
-4556 7941
-2852 -2286
8529 1770
-3250 7866
-2807 -869
7366 6123
-620 7974
-5573 1844
3753 4601
209 3465
-285 6817
9389 -286
7912 4046
-4603 -7346
6165 -570
3342 -4066
-2812 7258
9093 -1519
-477 -5356
-1383 5737
-2117 -9725
-8189 2275
1151 5282
9833 -8727
225 -1735
6743 -5611
8307 8014
-8307 7529
-481 -5356
8051 3097
6634 -3059
6069 6609
-5454 2086
-6745 -2905
-6236 2600
-3650 -8238
7019 -4842
-5718 5616
-2539 7495
-7963 -831
4909 3921
-6227 -1274
2929 1095
5048 -5551
-6085 -2062
7980 -7418
-9240 9983
-3873 1151
-6491 -5845
-1766 -2286
5816 -8970
-5230 2636
1779 -6822
7941 7513
8192 4113
-52 4990
545 8528
2334 6725
-1840 -6580
2723 5158
2897 2953
9196 2358
-2796 2319
-5648 2641
-8091 5426
5138 5315
-3908 4240
-5337 -1880
-5067 -6475
-6240 4621
1222 4296
-2124 7912
-3950 5926
5028 -9527
-3138 -6632
9691 6262
6792 -2242
-4342 4670
2614 -8379
-7445 7907
5130 -5331
8403 7230
801 9625
3476 -2773
-5312 -7128
-7853 9817
-7102 7594
8861 7559
-5551 -441
606 -8944
4585 9657
1590 -5566
660 -788
-6457 2236
1250 6812
-2756 4704
-8160 -6908
8988 5655
3810 8582
-5689 6628
4488 481
-7689 9060
-6555 8528
-6128 -3984
5562 685
8670 -8679
4461 9175
-7459 -3852
-9229 2212
8045 9044
3908 -5579
-4189 -630
309 -4457
3600 -4021
-1687 2738
-2971 -8165
6927 5338
-6439 3727
1099 -6266
-7574 1688
1286 1460
-7786 -4596
1557 9328
1471 5524
298 2526
8782 -8235
-2157 7912
9855 4908
5646 -2203
3085 -6502
321 -7569
1321 2767
8270 -6545
-1250 7863
3025 -1010
-4363 -1905
3836 -8706
-8912 6001
1643 -262
3873 -6646
6932 5706
2564 -6200
-3757 -9546
2289 -5493
-6110 -5574
-5821 9196
-3733 1286
-9007 -8504
-4678 -9017
-9871 2436
-7985 2313
4717 7529
-5153 5430
-9899 5777
-4603 6239
7894 -8165
6758 7061
-100 -3502
2011 2239
4245 6535
-460 -8624
-2748 2776
8675 -9952
5332 -8006
2775 5389
4621 8192
-4952 -3973
9490 -9706
5818 5279
-9194 -9390
7722 -3693
2322 60
6743 -7863
4028 -1972
-4698 5694
4831 6363
-4342 -2889
-1555 3599
1945 6766
4930 9486
380 -8964
1835 6025
-4525 -7775
-3228 -1556
7824 -7536
-6453 -5293
9645 -7001
-4862 5799
4778 -228
1335 7323
-7731 5609
617 4408
5315 3956
-5956 -7104
-2962 -4066
2003 -3758
-7034 -5697
-5331 -5312
-4828 8711
3465 -7677
2202 7352
-605 -126
-5862 -4319
-4919 3166
-5182 -9993
7775 -7111
5007 4386
-3973 5180
-6308 3853
-4184 -8679
8835 3999
4386 -6472
-9733 6522
7596 -3270
-7621 9319
-2176 7594
8213 -2213
4264 -8093
-2120 -9340
8247 -180
8614 -6505
9420 -1492
-1853 -1766
-6650 -545
-3767 2730
8613 8614
6525 -8307
-1735 8184
-3997 5180
-7276 8060
7241 6825
8402 -7316
1774 -9160
-3090 1034
-6716 -3969
2542 -7109
2090 1103
-4136 -3708
-2446 -7940
8490 591
5777 -1263
353 -6291
1505 -6533
8721 9934
7395 -2719
-156 -7076
5699 -5288
2501 -9048
-9546 -9499
-5053 5197
9365 -8553
6878 5787
-2844 -3937
-3980 -4940
9840 -156
3012 4588
5058 2369
5059 9529
7624 7634
6988 -7331
-6240 5338
2436 -5511
-2992 -8868
4837 -7076
-5826 3649
5261 8695
-5535 9490
9709 -185
8664 -6308
8562 -9755
-5989 9093
559 -2889
3166 -8593
-1761 8184
4999 -4919
-1411 2313
-3997 5087
-5331 3527
-681 -4683
-4094 -3412
-5512 -7022
7356 9186
-9503 5646
-1231 6529
-1745 -6716
-9253 7503
-410 5601
8984 6660
-9793 -9051
3899 -9206
-4065 1571
-7930 8419
3483 -369
-253 3939
3180 -1884
9783 8404
7157 -4882
-9860 -7569
-958 9260
6915 -2852
-7316 -4919
1650 -6459
-2096 -5582
-230 -1624
4644 -6351
5799 8933
9259 1
2369 6271
9597 4809
9529 -5350
4861 -9738
7182 2011
-1043 7065
-1043 -1043
-7008 8243
1978 -8466
-6762 -9566
2355 5856
-7414 8014
-4121 6455
-8765 -3109
7636 -4307
-5459 -1167
-7052 7248
6323 -455
2992 -950
-767 263
-30 -9772
-7750 5600
4782 7241
2621 894
-4282 -2686
-7349 8060
-1347 5902
2374 -5511
-3123 -7889
2675 9014
1726 -2075
-8706 5070
6336 2724
9096 -2359
-3057 9817
731 -851
8857 -7395
5633 5818
8711 5338
1084 -1761
7091 -6872
-1149 9108
-8412 -8366
7111 2386
-2600 -3027
-4384 9980
-3546 -2713
5037 6849
-9856 -4147
9683 -1318
537 1159
261 -3037
-7946 6914
2760 2237
-4693 7391
5053 -1820
1373 1881
-4619 7405
-7346 9400
-8533 332
-5652 -4619
-7346 1299
282 -5372
-779 -767
565 3021
-5539 8410
-319 -2602
-5149 3921
1869 -1586
4465 9588
8525 -7385
-2964 6914
-6646 8174
6359 -2573
-3973 -8842
2929 7974
-5745 -8527
6849 -4776
-4457 -6504
2526 -8300
3629 296
-1419 4601
-2417 -5315
-7867 8048
-6540 8759
4264 -7725
6570 -5653
7941 -7024
-6335 -6128
-6852 7457
-7619 -9088
-4363 1461
6905 -9802
6853 -2962
-5295 5188
-1820 -5487
881 3923
-9898 5597
3617 -1347
5427 7553
-4680 660
-7569 9334
8431 7476
-441 -3163
4938 -9464
-9800 546
-5610 -415
8819 -7395
-6478 8670
-3119 3706
-5949 -5716
519 8719
-9771 -6827
709 -2090
4736 8086
8976 -6092
-5142 -5067
2412 -7569
-1007 3889
5857 -4624
9848 9413
1110 -7530
9631 7305
-7600 329
6522 -2519
3054 7348
795 -6756
6758 19
-6321 -8040
-7082 2992
-9000 -4342
5575 -2417
5700 3436
1162 -1116
6715 -3090
-1848 5205
-3947 7626
7651 -5566
-8006 -2844
-705 -1766
-7825 5342
5672 -6188
719 -3412
-5886 -1669
-9051 -3973
5828 -6128
-4532 -5105
3956 -747
-9108 -9865
-6737 -1435
3107 -4755
-7771 -8051
-7844 2575
-3514 -9194
-4841 -1185
7828 -6711
-8205 -824
-4147 -965
9737 -191
-6472 4121
9484 6310
5004 -1984
1439 -7886
-8544 1470
2152 2497
4601 3527
-1984 3476
-3154 9093
894 8717
3069 -1884
9774 -4714
-6117 -1043
3923 -5776
-8767 7498
1635 6932
8695 8190
5597 7531
-6673 9041
8269 -1555
-2637 9927
-8822 -3831
1707 5379
5671 -21
-8492 -8840
-7164 -4409
6689 -5092
-7912 -7530
5180 4971
4698 4847
-4513 7618
6239 2129
1897 -8242
8455 -21
6697 1707
7646 -5214
-8964 1577
8563 -7002
3886 8984
-7277 -7478
-7428 -7111
7090 2517
-8226 6988
5205 6159
8895 1155
2958 -3890
-9950 3097
7638 7646
-9840 -5765
4124 -6952
-9182 881
6650 1034
1164 6336
-5366 -185
9262 -8553
-9051 -2708
2775 -8220
-6049 -5687
-1055 -958
-5773 -7077
1379 2100
-786 -7725
7539 2733
5388 -2426
3102 -9107
-100 225
-9343 2347
8761 9108
5059 5190
5448 4200
-9952 5025
-4754 -9045
-6291 393
8528 -2871
-4209 8095
8756 8761
-1444 7010
-9340 4121
1613 -5200
468 5536
-9213 8095
-8645 7842
-122 398
-6277 7079
6760 3822
8057 -4755
3097 -6716
-6846 -8023
-5173 -6475
6347 6905
1086 6284
474 -4232
7011 -277
1371 7502
-2054 -6710
-3182 7540
6651 -7535
255 -6819
-5610 -1308
6077 1086
-3449 -7929
-8313 -7889
-3037 -4232
695 -3997
-6949 8057
-2558 -1286
1925 9673
5025 7157
-2351 -2120
-1565 8614
1086 1726
311 -5871
546 -9007
9808 -1363
2433 -1286
-1988 3180
5190 1798
-3471 -8135
5383 9041
-7775 7114
-834 298
-834 2641
-305 -5144
-3223 5744
-798 -5773
7157 550
-2267 -4546
-1185 -3262
9910 513
5167 -9108
-419 4717
-5372 -6808
685 -4439
-2920 -843
7639 -7004
-40 -9285
3974 -5949
6558 5787
-1256 4210
-6402 -8040
-6827 8975
7391 -6650
7070 7864
-899 9371
-8705 2100
1467 -6962
2945 -2684
-8705 3381
1195 -2713
9108 -5563
-9538 6069
9561 3955
-6621 -610
9051 4058
-8944 635
-3598 -1493
-7240 8801
-3295 9817
-2659 8288
453 -4339
4111 -779
-9499 -1474
-9988 -6650
-3967 -3831
-4065 5660
-2681 4804
-6272 -1959
-56 -4060
-670 4467
-4196 -9506
-2622 -1936
-6650 -8192
-9377 -5691
-4065 -1354
4971 -3908
5440 310
-7331 3097
-5765 5832
4077 -5613
8871 -747
9806 9486
7903 -1984
-4123 1901
5396 2010
-5987 7020
5750 7803
7339 -2089
2111 -6930
6093 -8782
4670 -5144
6564 6651
-6817 -5845
-2467 2929
2562 7894
-102 592
8360 -1158
3678 2521
2675 -9239
3489 7010
2991 5600
-7828 -6132
7914 -5073
3689 4112
-4714 -4513
6992 -757
3453 2600
-931 -5595
-788 1422
-2643 -1227
7405 8060
-4648 -8474
8094 -8117
-5837 6081
6490 6558
-455 9561
-3578 6529
-966 5616
4058 -5595
-850 4264
4186 9494
-9057 -8706
-687 -670
6560 7592
4254 -4700
-1905 -1382
4628 -1246
-5114 -4691
8224 8490
-7095 793
-2203 -5568
2504 6087
9223 -6535
7540 4971
4678 -6062
-2030 9510
-3622 -5110
5799 9389
7157 -9146
-326 3409
2295 5953
6612 6760
5926 -3053
8174 -2013
-9550 6455
-5040 -9950
-2065 -1872
-9945 3733
-5315 -5487
3077 -7788
7806 -746
-965 -4555
4408 7660
-3250 -6357
3276 -4021
9983 -9214
-8396 -8868
7647 9044
-2958 -4355
8670 -1959
5150 6856
3780 311
2269 3069
-1043 9554
-9108 -8706
-9045 9287
-705 9577
1798 -8341
-2653 8067
-132 -4691
1729 6333
-5146 -9772
-2889 -6673
-644 -7985
-9572 -9340
2507 -9340
2769 2031
5279 2010
-8425 -3678
170 5161
-1956 -7080
8462 -5431
-5620 8291
3640 8761
5505 5182
-6186 5048
3733 7342
7283 2433
-675 6333
4233 -8428
-2852 -5826
-6092 9196
8172 -9934
-2467 -8632
7553 5671
368 -4094
6659 -6426
5272 5597
7240 8014
3782 3923
-7656 -7346
3685 2463
-6819 8224
-9000 6825
-2111 -4066
-6092 -5832
2884 8049
2616 -6674
6602 6414
7234 2295
2104 4240
-9392 -5898
3905 5463
-286 -9720
874 -5087
-4568 -5635
-3404 6414
2501 1103
-3336 -4938
2212 -8133
5939 6239
-4282 9965
-914 -6164
9625 4670
-3262 389
8544 9807
3232 8699
-4112 -8527
8561 -6025
1126 -9657
2897 2991
2285 2606
8071 4621
-8775 -7498
-5417 6299
3775 -772
1926 1985
3782 3213
2910 -572
1537 -9802
-2637 -2157
7236 -1227
-4342 7626
-4619 9014
-3811 2482
9411 -284
-7559 -6765
5995 -5611
-1980 1462
6419 2370
-2709 -7349
-4442 -5898
-4327 -1669
-630 7660
-2576 -3856
1307 -3898
-3080 7395
7480 8120
-5871 1844
-5780 6529
-9495 5706
7095 -2791
7531 -7243
6015 4369
-1824 3805
-6504 1065
-3026 -2181
-107 -9017
-5515 -2106
-4338 9965
-8167 -7844
3021 7639
-5288 1931
-5105 -9733
8632 7025
7529 853
2526 8144
-2426 4368
9300 638
6856 3390
-7546 8291
1355 -8496
8719 8057
5533 -1761
-1887 2236
-4133 -1753
-6730 2269
399 1222
5833 1557
8144 -3422
5427 -9182
5059 -4184
2284 2675
-9390 963
1963 9371
-4400 1900
-610 -6863
-1905 -7946
9980 537
-9462 -4196
-3756 8788
8699 3886
-2178 -2625
-5666 789
-5252 -9351
-3707 6878
-1533 7941
5279 -6266
5205 4534
695 -8040
-4242 -3382
-6416 8562
-3822 6036
-6645 3617
5161 1531
2331 9025
-187 5138
459 1963
-6752 2269
-7536 -3019
-7170 3107
9041 257
8895 9484
-7483 8805
7618 4368
-3263 7529
-7942 8241
798 1590
4200 -466
-8906 -8492
9700 4981
-1263 -386
-8679 -6867
8419 -6321
140 -8504
9909 -9771
-793 -5535
7503 2734
-5072 5998
6107 9167
9020 1682
872 2409
-9370 7624
-5337 6232
-2417 -950
8562 -6272
4280 -7600
2574 -807
7791 -965
5536 2220
4513 -5295
9220 -1609
-1264 -6494
-7007 1770
7746 -9742
-110 -9214
-9539 -9462
3308 5902
3041 9041
-5082 -4619
-8466 -3378
-2686 2760
-5832 -7176
9783 5138
-458 4879
-4232 1881
4282 -7278
4806 -4238
332 -8629
-2732 9025
4495 812
-6588 -5070
6634 -5237
-5227 4938
187 -6266
3181 -4889
6998 -3270
-7672 -7866
7423 -4394
1049 4838
8490 8707
-2009 -431
-1202 -2359
-851 466
-1451 4113
5413 2612
-4326 3260
6430 9679
502 5799
-834 -3605
-686 -3150
8346 8933
9300 4408
4120 6689
2010 4804
-4940 -1900
3549 -5890
-732 9657
140 8797
5793 -851
1109 8305
-1840 8455
6221 3996
-3708 1712
7531 -2417
-6132 9354
8933 4111
-1781 -6897
1424 -5613
2454 8282
7146 2775
263 7434
6895 7157
6609 -7697
-6523 -3504
-4339 2606
5237 -4435
-156 5261
-6288 3889
-5083 5167
310 -6540
-4147 874
-2657 -9237
-7588 6529
-6313 -6092
4585 -2265
-2007 9754
5926 -8055
1531 896
8291 8052
6787 -3295
-6188 2374
2721 -6852
-2090 995
-1900 -669
-1856 -1565
5847 -2987
209 -8321
7069 3050
6730 -6186
-5417 -7076
-9538 -7530
7581 -9948
4971 -4648
4867 5985
3436 119
-6747 3489
6173 -5146
-8796 -7484
-1474 2031
-2605 -9483
3640 -1150
4704 -4798
-4448 3284
-5933 -5551
-9058 -8492
2892 4621
4534 -5182
-3886 6878
7414 -6673
4240 -5169
2503 9411
6883 2412
6239 334
6029 6390
4120 -3605
-21 453
-2508 8211
6212 5790
5595 -4112
-3949 3088
6427 -3937
-9194 7842
-6808 -1313
-636 -5729
5282 -1761
8288 -5946
7401 -7164
-7080 3465
-5352 3853
4993 5671
-570 -1770
-6931 8562
1783 7072
6455 7366
-7762 6835
2347 9258
481 -5817
1376 720
3020 -2962
-5520 4879
7562 3489
562 -9045
5389 -7577
-2172 7630
8329 -6504
8797 4934
-788 -7278
-679 9195
4121 -2365
-4488 -6211
-4991 -9077
-8708 5205
1943 8014
1257 -8167
-1856 1191
-9131 4671
-9077 -8091
-6397 3775
-6266 -5073
5180 310
6001 -7121
-4961 2809
1193 4304
-3269 7024
-9870 3757
-288 -30
6344 7553
-6756 3868
133 -9108
-3117 2010
7079 428
5609 6760
9014 396
-8689 1897
-9836 -3223
8060 -7385
2351 -4952
2571 3054
-8460 4978
-7975 -4348
4532 4585
7651 5600
9847 5205
4442 4778
-3289 2064
-5666 -5729
5773 1801
-5635 7305
-6621 3436
1477 5293
-3346 550
3400 -6565
406 -3502
8606 2542
-1058 -174
2809 -9747
6725 1783
-4940 2708
-4860 5180
6053 -914
474 4789
5087 5941
-4919 1527
-582 2761
4113 2086
-4792 -9462
-1887 -1856
-5691 675
-358 -9911
8609 -5687
866 -9077
9834 660
3923 -6803
3511 -1793
-6128 298
9756 -4391
5038 1729
-4624 2383
5182 -9000
4434 4847
-4439 8849
-4239 -3514
5154 6760
290 -9179
-211 4971
-7387 -8280
8247 6529
8500 5533
9038 -7398
6886 8358
-4317 7842
4296 4644
-5364 -9854
-7615 6650
-1609 5902
-4704 6611
-2082 918
-4435 -3394
2708 -6650
-965 -5832
-6306 5342
1729 2104
535 6439
-8321 1783
1698 7220
540 8190
-3972 19
-9000 -7752
-9005 -5611
-2615 -2417
8750 -2931
7434 7806
1963 2775
8095 3853
4855 537
5339 -2014
-8824 4736
881 6927
1527 8061
3463 8571
-2971 -4464
3757 -3119
5941 6766
949 -2634
8930 -1766
-9865 -6795
-4383 44
-8890 -5227
-2079 -3025
-9436 6218
6812 622
3240 -5602
715 6570
-1084 9262
9113 -9402
-3665 3882
8184 -9495
3863 6081
-2958 -2467
-8264 -6163
6716 958
-5890 -5494
-55 1506
8717 9051
5706 -3228
3536 8606
-7389 6015
7705 -267
-3720 677
9980 -9213
-6321 -4391
928 -4522
4766 5059
-6540 8699
5139 6242
4120 3314
2499 -6545
-4383 8702
2041 7513
-9546 -6491
-2727 -4291
-2030 -1565
-4542 8190
1963 4046
-6853 3810
-7 310
-1997 8556
-8842 7533
-8115 7405
-7888 5609
9431 -2030
-7064 -7024
-8238 6305
2897 -4413
6480 -5862
7803 -9934
-5898 9733
4766 6088
2036 1430
-2971 7894
7391 3189
1460 -7269
-3263 3489
-1688 8819
-288 -156
-7387 -8023
-1761 8561
9397 9783
4028 6172
-5221 1250
-1703 2934
3862 4494
2612 6686
-7008 -1887
-4342 9733
8463 -1150
4820 -9194
4905 1506
2704 -6416
-9506 7111
6798 894
-9432 1889
5272 6336
-5013 5154
-3428 -9048
2384 4112
-4165 6650
-7113 -6240
-3762 5609
2730 -1620
2791 -3422
-6795 9397
-5906 -9176
-1286 1571
4704 545
5138 -9370
-2893 2526
9517 3853
2767 -9812
-2708 8242
5660 -9077
3056 6890
165 -9422
5482 8784
4031 -8624
7446 -159
3128 8247
-4719 -4090
7446 -7051
5224 874
-7752 8211
5298 -722
-101 -4991
2 6713
-7103 -4889
-4133 -4042
-4915 -9142
-6151 8112
1230 3784
6523 -6016
113 1815
-6999 7651
-311 -4384
7626 -6186
-4094 -2857
-4703 6093
6242 5293
-2074 -2448
5763 5787
963 465
2220 7618
-9293 -3449
2791 7279
-2103 -6730
-7385 -1839
8421 9648
-5448 -9702
7863 -21
9389 4909
9783 5150
8589 3726
-1669 4187
7189 -5610
4514 185
-6522 -115
7323 -9566
-4528 7502
9965 5413
-7724 -7277
1901 -6818
-2958 4121
1222 -111
-2442 -1373
3072 -7892
-9179 -7484
5876 -1363
-7577 2897
7241 5590
9814 -4136
-7530 6015
-5135 1571
2991 7626
-7560 5401
8588 -620
3212 -969
-2795 8379
-3109 -3856
-4153 -8735
-9142 5876
1049 1729
8531 9766
-3040 5609
-2858 -9581
-2686 1081
8103 8190
5660 -7003
5553 866
-5331 -9214
8404 -747
-3804 -1444
-4277 -5092
-1354 4371
8585 6065
-6361 4077
3954 -5610
7307 5426
7624 -7080
7948 -6645
3868 4704
7457 7960
1815 7594
-2719 4079
-2442 -9747
1143 1788
-7238 -4413
7653 201
3100 -3224
7791 -6202
290 -9436
-3702 2866
-2272 -9153
-7985 -2293
9374 -5417
1242 6123
9060 317
1938 -45
1176 9673
-1116 9449
2383 7539
-824 6075
-2051 -1444
-2924 -4291
-1528 1874
-3502 -1250
-9422 881
-3617 -3027
4113 -8769
5524 1402
-1801 8562
-5817 7305
8686 -8527
-2014 3805
154 -2985
-4556 -8906
888 7540
-549 9486
4695 -3775
-2615 9484
9191 -113
1276 -6186
-4339 -5092
5070 2606
-5916 -1624
-21 1613
6284 5856
-2507 9371
3284 3511
-9890 -3142
-9584 -3138
-2659 2738
-142 -4940
9366 -6261
1466 -3502
1566 8857
-455 -102
-8652 -3617
8923 4872
9658 -4342
-3382 7636
-6211 -441
-7572 1576
2830 -1781
-4690 -399
-3831 -101
8764 -55
1424 958
-5087 -9462
6350 5126
3260 3511
-6650 3536
-5206 719
3203 8359
-8589 -474
4789 -3412
-4851 7040
635 -7535
-7531 8528
7487 106
-9642 -1556
2724 -6202
44 -8147
-4842 -2713
-1167 481
1689 7912
2570 -6673
2606 8781
-3996 -3142
-2390 8060
9287 2812
1154 9486
-8527 -4342
-8237 -5379
3180 184
7868 3360
8432 -6092
4145 4766
-8475 -6650
-3890 6992
63 -5946
365 -1887
3804 466
9328 -1872
-4090 -6229
8970 -3824
7498 5825
540 1266
-5566 -9854
-8455 -6962
-227 -4094
-8147 -270
4906 5139
7079 3020
8149 4119
-1839 3562
-1020 3732
5015 5939
-6575 -7616
7954 -1231
-3473 -4573
-3142 7531
-5350 -8944
-722 4909
-5333 -4000
-568 363
2129 3476
-1753 -7104
2552 -9812
-8465 8575
-2573 -9747
5956 1230
-8782 -3852
715 637
-5084 -3271
-9848 420
-6092 263
-58 5339
6530 -7071
-5757 -2030
-5946 -260
-8580 9833
-7616 1606
5703 715
-5141 1084
8871 638
-6533 6065
-9584 -9293
-3606 6370
7529 -5539
8849 4427
6792 6560
999 996
2534 8781
6439 -7172
-6491 4077
6310 -2158
-5107 290
-4791 -4239
-9077 8717
-6306 -6535
8190 -6540
6622 2917
-1961 1701
-5937 9783
-2620 -208
-919 -5635
-4572 464
-530 -455
-6056 -5566
-851 8422
-3394 -5566
738 -6426
-294 -8535
-3223 5935
9955 6634
5663 -8591
-5699 4861
-700 -5699
7866 8184
2778 7948
6495 -7349
2409 -6817
-275 -5206
-262 -9572
8619 -5573
-2713 1576
-5168 6432
-4096 6242
-8337 -514
-8314 -3889
-5611 -4798
1030 8582
2709 3753
7061 -2424
6457 -7071
9130 -5417
-3788 3987
-4274 -3336
4837 -9539
8437 5192
-9852 -3514
332 -9293
317 -7619
-4116 2724
6218 2104
-7656 -1839
-3269 5671
-8670 -3609
-3561 7636
-6457 -6164
4722 -9572
-9518 -8470
7087 -2213
7323 3021
-7890 2499
-4889 7006
-9351 -8267
-3599 -2572
6397 -2558
-7496 3483
368 5763
4369 5006
823 -3996
3878 -1167
3213 8404
3031 -1256
-1730 7892
7499 3805
-8885 7024
5199 -2570
2377 3263
-6261 -477
-4433 4720
901 7090
-4809 -5227
874 1972
-4380 801
-899 -582
420 -2971
6330 2269
-6822 -849
1461 8021
1578 2504
44 -8929
2275 -1382
8784 8923
7743 -2051
1536 2917
-8062 9683
6776 8045
7842 4721
3213 -5687
-1959 3562
-6674 -1998
-158 -8425
8051 -5748
-8497 -7536
4799 5413
7889 697
3381 -6132
3038 -4241
-8689 8685
-4197 -277
7244 3077
-3540 8323
-7886 2738
-971 -4039
-2242 -6128
-3129 -646
-8929 4049
8702 -6497
-399 -4384
9226 1735
-1940 -1185
7502 -7169
9336 -122
-9657 3954
-4665 -9000
-5885 -1457
1470 -7985
-9748 4678
1801 -3503
-3085 8034
-2612 -5765
2446 -1383
-4381 -1349
-9941 4671
-7246 8933
-7863 3617
6730 4368
2834 -944
-8366 -3269
-1600 1746
-8055 290
1325 7069
-9194 1176
1901 -7277
-7123 6118
5337 -4133
1838 -9774
-2003 -1839
-4207 7529
52 9588
-1134 -7410
-8708 7391
-6459 -5278
-4332 -9778
-2519 -6109
6530 -7866
-650 -9464
-9934 -2294
459 1978
-1919 311
-5653 -9527
6413 7912
5991 1412
-1931 -803
-1556 6173
3824 -563
8778 3314
-6908 3863
-752 -5142
-5454 1159
-688 4704
4671 1099
4300 398
-6632 4058
9633 5671
5039 -8775
7884 3400
1757 -2858
-8840 -3606
3718 -675
4102 4782
2482 3787
-9296 -7697
-9928 5616
9588 -8474
9733 6397
1505 -8696
-1887 -4561
1729 1456
-6109 -7128
-5456 5388
-2136 2636
4838 5926
-5547 -4525
8291 -4748
2767 8190
-8467 -7478
-1493 3948
4908 -4851
-8686 6041
-2294 5867
6584 -3142
-7498 -3207
-5227 5536
-7609 8759
-2570 -1900
9167 5665
4046 -5512
-6645 -1286
-9160 3531
8219 9461
9097 6644
-912 9431
5426 -2607
-2842 8233
-9013 3987
5909 -1891
9334 656
-3343 4333
3012 -893
-9472 -3995
2821 -4239
6025 9334
7036 -572
-6092 -5937
-3614 2929
-710 5430
7296 2767
6036 -1250
5616 -5237
9313 209
1402 5595
-3062 7446
-4041 -9146
896 -4153
-3788 -3382
-5833 -5042
-855 -5863
-1839 -1392
5276 4573
-9037 5599
8124 9932
848 6787
970 6218
-1144 -8147
6025 1466
-5110 -3250
-6962 3775
9786 -9370
6333 2897
5732 7070
-2359 3810
-253 4906
1847 4079
1865 -7706
-2075 -5831
8305 -1600
-7633 -4413
-7488 9418
6390 -5083
5821 -873
2499 1735
-6159 -803
6052 3321
6529 5966
-2720 8060
5742 1740
8200 -4223
5338 5205
-8135 8213
-2269 3873
2433 -6730
-8080 5714
-21 5553
-7929 9008
8788 -2742
5583 -7193
-8118 2267
3088 9640
2254 2534
1306 -6677
8675 -7725
-8386 -2727
-7121 2463
-8976 6052
7487 4335
5706 -4776
3394 3863
3021 -386
9785 1086
-3898 4140
2935 3260
845 1783
-7003 1915
-4842 3971
-4384 4531
4678 1286
7926 3511
-6666 -5686
6322 -4791
7157 5430
-9280 -7771
-5364 -4209
487 2237
4846 535
-269 -4123
9581 -262
464 -7689
8256 4332
-831 7409
-5656 -5105
5135 7495
6898 -2433
-5200 6336
5426 8512
-7886 6363
5787 5909
-1382 -7319
6766 -8886
-3758 -3394
-1915 -5862
1266 -6899
-3486 2454
-6025 -1624
-4041 -8160
-4556 753
-2634 2313
-927 -84
1034 -3138
-3223 890
-4197 -1372
1945 7733
-8792 -840
-6783 -609
-4522 -3310
-9606 1434
7185 8224
-5092 6522
-5689 -4082
-3831 8323
-7699 -2570
-5611 660
3996 -912
-7752 -2962
8613 9113
-2242 -1609
-914 -5149
3954 -4274
-7998 1819
-8496 -1598
5379 6725
-5146 -2987
6760 8547
1193 3435
-8165 -7886
9631 5533
-2652 -6478
-6867 9691
19 7909
7544 3072
2366 -5260
-4042 7234
9329 -4525
-6696 -786
2370 -6897
2941 3956
-8135 -7389
-7484 -6853
7909 8561
-8177 -6502
-7488 -7484
-9742 6914
-8470 3212
7592 -944
-3758 -5563
5488 5600
2458 8721
-4828 -8267
-7889 8218
-2286 -871
5379 -9077
-1715 1073
939 -3558
3971 -4677
7386 8664
-4776 4704
-6182 -3001
1712 8604
-1859 8750
5790 6883
2444 5817
3409 7428
8820 -5169
2571 -54
-1586 4120
-2857 -1824
1195 -8237
5282 -3669
-7076 -6650
-824 -650
-8735 1527
-6747 -6457
-4066 9097
-9575 901
334 4394
7416 2324
-1363 -6056
7953 9640
4573 -3757
-7331 -3950
-5445 6725
-5097 -9584
4304 -9771
3640 5601
-8153 4533
7391 3153
-3908 2897
307 7182
-869 5270
44 -2159
-929 4990
3822 -6972
7258 6669
-3678 6529
-8868 -4808
6978 368
-798 -4828
1583 -8055
-5227 6967
1237 -2442
9927 6221
9817 5926
-5722 969
-9671 -9538
9241 -4603
465 -4698
-5890 63
3706 -636
4720 6359
-8062 -3953
-6837 -7164
-2558 1749
-9802 -3720
9093 -5611
-8466 -1766
-2159 7759
-8167 -7080
688 -2446
-1624 4300
637 453
7166 -4882
-5987 9413
9892 -3886
6427 -1840
6129 -8337
4113 5449
-2457 -1761
-8591 -9432
-3844 7980
-6423 7941
5744 -3117
-2014 -4767
-2871 -9100
6558 2599
-2950 -369
4736 872
-1465 2
-3290 -9107
-5109 9892
6414 -7752
2879 -1329
5205 -7731
-9472 7892
266 1477
2319 7868
-9926 -3336
7540 4392
801 939
-2607 -7488
-1598 -687
9679 1590
-8267 -5480
-8801 816
1103 4971
4697 6725
7634 7025
-8065 8174
-8252 -8116
-4991 5983
-1872 -7677
-5613 6069
1460 4267
2460 2767
2827 -6313
5983 2953
5243 -7193
-6712 6798
7499 -6085
-5177 866
-8336 3497
617 -8589
7533 -8400
8419 -3228
-8242 -2014
-7963 9718
3008 8291
7754 -9888
-6426 -7603
-8685 1801
-9745 7529
-6281 -319
-4631 5742
2657 -7366
-2053 -2014
-6823 9389
9258 -5082
1799 3226
-664 1333
2862 9932
7531 3678
-4596 -2357
2315 8291
9719 -5227
2209 3864
3890 -7076
-1566 -8624
-4938 -8432
720 2295
4704 1195
-5686 -9194
9136 5511
-1349 -5515
3787 -1457
-5199 -8091
-1999 8750
3314 -8007
6914 -2612
4105 -9871
-3758 -3343
-3378 -3290
-7257 -6397
-6357 -1349
6333 -3471
203 -3263
2764 -4561
-132 -9000
-1298 -5217
1313 -2508
1677 -950
-3937 -8467
3718 3822
7352 -1231
-3995 -6390
-9302 6729
-1936 2857
-5826 -3908
880 9429
-6229 -1624
7391 2834
912 7594
3204 -574
-8432 -1687
-3129 4475
-41 -9351
-1296 -9040
-6872 7195
8961 -52
7969 -966
7124 -5260
9673 0
2463 -4619
677 -7076
-9702 7395
-9107 -6677
2776 6914
-1873 -681
8512 -6426
1345 -3949
1434 -8593
-3669 7241
6783 -6817
6123 -7985
2386 8544
-4882 7849
389 -8929
-9778 7070
-1759 9876
6725 -4237
-1736 7369
-6159 -156
896 6087
-7972 -21
-8341 -6248
9060 592
3739 -1624
-4232 -8504
9374 5279
-5493 -5227
753 3771
3882 -5288
-9864 -8460
5609 8358
8588 925
-3842 8040
7685 313
9872 -8205
2237 -6014
-3142 2254
4616 4697
6825 -1566
-9223 3805
-543 -5168
9852 -8313
9253 5633
-5331 1972
2011 -4015
5015 -5237
4394 -4209
-2270 -1329
3784 -9225
6173 2574
7685 3536
8717 -4274
8048 -5429
-7084 -609
-5237 -3471
4756 -9422
-1802 7143
6589 -1363
-4648 7793
-6645 8675
-3310 995
1945 -6123
1788 -6457
-277 -4809
-2244 -2431
2724 -1730
-7697 4605
5293 7114
-688 -9550
-5937 -4082
-9538 280
-2448 8500
-3319 -1555
60 -9864
-7193 -4564
4905 1897
-111 888
-7489 -1940
5352 1366
-4095 7480
7849 8291
4595 -3037
1972 -6752
7235 8024
7475 2704
-214 -9000
1783 8781
-1444 -4360
6495 5202
793 -4808
2331 -4250
-2479 -6117
-1426 -3001
5596 -7892
6655 -3953
-253 -9748
9673 -9131
8917 -5448
-9245 -6154
-9812 427
2517 2935
996 2734
-4543 591
5761 2092
657 -4903
-6026 9910
-4227 -8868
-771 -4648
2675 -4472
4978 2322
6290 -3640
4079 -110
3662 4736
4531 9679
3588 9374
-6110 4369
-7651 -969
8516 -7071
-8639 7457
5600 9400
8895 9093
-4915 -2162
7854 -9875
6093 -7615
266 6895
-757 -4940
2497 8984
4793 7495
-9350 7912
2844 4124
8422 4113
8897 5270
2434 9182
5342 -4975
-5900 -4680
-101 -9472
1688 -8255
-6308 9389
952 7647
8258 9563
6123 2140
-7711 1329
5742 -6835
-7609 3562
6430 5138
9319 -9870
-843 1065
7864 -8093
2308 3212
9486 5272
-3941 7618
1295 -4066
-5687 -4919
3390 9645
393 -7123
3276 -7278
-9398 -5508
1164 -6710
2183 7592
8837 -7
8061 -6211
8582 -156
-4698 -3270
-3714 3342
-4459 1299
-94 1798
-4776 6218
2724 3649
-9566 -3898
-4975 7395
1740 8431
-1199 9806
-8851 -6710
9186 5597
-1367 -5182
1985 -6645
-5862 4820
-6673 -410
6669 2254
-9304 7894
-2719 8756
3531 -582
-8051 -6189
9058 5998
-9490 8018
-6186 -5566
-5056 999
578 -3137
9840 -9742
-4047 3785
2945 2564
2757 8437
-8940 2031
-8929 7581
2657 -1390
-2357 -4925
5856 -9483
7269 -871
6271 2260
550 823
-2698 3549
7868 -8527
7828 -561
4844 6427
-6930 7212
-6229 -52
-4355 1195
-3833 5426
-7311 9484
-5832 -3503
-4000 -6238
4944 -8167
-7874 -3984
6314 6015
-5137 7157
427 -9706
-873 5059
527 550
-3295 8699
2231 3640
-6220 33
1736 -8211
8991 -4525
7907 8242
-4910 -9048
-5511 -4542
-5996 9909
-3057 3458
-5608 -8040
-6045 -4274
-5241 -2992
-3852 7087
-4895 3310
7975 -2155
6689 -2861
-8970 -1105
8863 -5114
3731 -8395
2064 8329
-1891 6172
-3971 1901
1412 -7531
7024 -6321
9371 9786
-4153 8040
-6592 1773
5042 -6574
-7985 8403
7114 -2062
8905 -4060
-969 -5083
4049 1159
-3027 -2607
-6361 9226
-4151 -6502
-6439 3526
7892 -2829
7072 7528
7564 8403
-7731 892
-2050 -7699
-5726 -8251
2454 -1264
-6132 -4828
-1372 1735
-6016 9658
-6711 8422
5126 -3270
-9088 -6238
-6200 5596
-6574 -650
5813 -4291
-6673 7279
7220 7983
-9048 6608
4345 113
2888 -1766
-4964 1729
-8379 -9051
-9993 637
9338 -9370
-4151 -8591
453 1536
-9146 949
-4459 6129
3987 -8835
5599 -7277
-4480 -2971
5422 -3758
3310 -4975
-4986 7906
-7187 -9897
1366 -9143
2209 -2003
4240 -5013
7941 -2713
2713 -4818
-4487 -7412
950 2146
-3771 5941
-19 -9993
6452 -2007
-7109 -2155
-6752 9195
-7277 -5686
-8890 -6600
-4760 -7387
9927 6787
9215 6412
329 -4903
-3862 6010
-474 -3598
-7940 119
-5826 -4919
958 7903
9334 6323
-2158 -574
-3286 4807
2975 9567
-2791 -2380
-621 6093
-5967 -4363
7898 9876
6480 8144
9810 -4096
-3755 -7788
-6163 -5105
4772 1531
-1250 5130
-1999 8419
-4390 -8209
5825 -5568
-455 -9293
-6907 -9176
5962 -2686
-1321 398
-4975 -9538
8168 1815
-3270 221
8241 9538
2305 3213
3759 9060
2422 -2244
9136 -9213
-6085 5998
1140 6944
-7858 2463
-4439 -8984
4772 487
-9680 -2971
307 1470
6031 -8536
280 -5508
-3744 -6827
821 -6620
-9064 2571
-7629 -5756
9290 -8256
8614 4990
-8160 8903
4804 -4882
3222 9427
8923 -4754
-8031 -1761
3930 -9945
-4339 2929
4442 5773
3321 1537
6370 -1887
5158 1298
7596 -899
-4342 -1786
4122 -5364
3489 -156
-3609 -6819
3565 7615
-2630 -756
8562 9700
8288 -5169
6305 7157
-1367 -9848
9833 -9778
591 4368
-2361 6173
-706 -3967
622 5338
-8300 8563
-6268 4105
5897 -7706
-670 5939
-8133 7559
7634 6335
-5563 -3514
-1063 -5456
-9725 9025
-9586 -570
8014 -788
5953 8247
5254 2917
-6565 1337
8358 370
8857 9847
8685 5007
-3558 4073
-3138 -3783
-2479 -7385
3178 -4975
6729 -7084
-2905 -2380
-2664 -4319
-6650 -4274
1462 -418
-455 -2971
656 -7752
-7277 8930
9691 5282
2715 4105
-4785 3435
4140 5413
9097 310
4908 -4964
-1227 -3908
-1286 309
-2572 4934
-9090 -6852
-3693 7296
7391 -5863
-4573 -3142
-8298 1065
719 4316
8658 -5114
-3340 9934
-7241 4254
7593 -7071
-5315 2334
894 -8536
-6363 -1250
269 -5113
3050 -441
-7387 3863
-4307 -3085
8575 99
-7892 -1919
-4561 6123
-3712 4111
1570 -6236
2606 -9179
3502 -9293
-5663 -4317
6533 2209
-6266 -8940
1298 3483
-2467 -8556
6438 -9967
466 -5187
8067 -6752
-985 1335
-9706 -570
-1737 -5520
-4902 -4334
4094 -9000
-4348 1345
-4919 -9350
1644 -6756
5460 -6456
5389 -7588
3356 4908
9400 -2683
-4785 -514
1299 2791
6041 3226
3771 6159
-4679 -8801
2733 -851
3108 9798
-2591 7854
2791 -4327
601 3020
-8504 -7488
9014 332
8143 -319
8282 296
-2210 -8923
-9725 1237
-3021 -2791
-7111 4585
-4903 912
-4065 2107
9411 7019
8323 2503
-1329 -156
6333 -6931
-6912 9837
428 -4339
2397 -9870
3805 -8725
9631 487
-5508 -4094
3137 5579
-340 4978
4046 9965
-840 6336
-3062 -3021
823 3063
-4334 3166
-7985 -5989
9429 635
-7536 -6164
5773 -3614
-3137 8632
-4464 7241
2636 -1586
7779 -1382
-746 5847
-5566 2313
3435 -5566
9699 -4975
-12 -2971
1621 5460
-4277 -8639
2917 8184
9025 -3947
-6677 4861
7306 4624
7594 9420
-1463 4806
-2360 3314
7462 -1873
-6154 4993
-262 6725
4821 -8527
9321 881
-7304 4042
1095 2552
-913 4838
5585 -5073
-5214 -7569
2092 -2630
-7176 7660
-882 1557
6087 3745
3522 -4547
-4808 -2096
5939 4621
-4791 2775
9215 -4690
2237 -5687
5595 -2213
9833 1034
7513 -55
-4624 6427
-3856 3824
-5379 2152
-5083 280
7985 -4360
-8165 -1669
9909 -9398
-6765 -8504
-5113 8018
1430 8052
-882 -4439
-5563 6602
-7412 1372
-514 -8006
-8402 -6795
-4556 -3971
-7866 -3303
-510 -9802
9979 -4355
3580 5972
-6390 -5611
2769 -311
4971 1402
-7614 -5773
-9340 3497
-8696 -631
4354 6915
6835 4127
-3889 -9051
6581 -6291
1748 3685
-7418 -477
-7366 -1308
-4473 8213
2752 4408
-4082 -7677
-3795 2433
816 1412
-7004 7391
7513 352
1103 -7169
8291 -9293
-570 -8689
6003 -2390
-2613 3824
8120 -93
-2619 2945
5980 3745
-2702 5204
1527 7072
-2576 -7277
-3088 -4561
-7478 4300
-8632 3954
6762 -1185
5609 2910
4052 5015
-9237 -7616
-65 -8868
9498 -9077
6719 -7731
-2442 -9706
-3756 -6085
9452 -2748
3473 -9017
3964 113
-6047 -8120
-45 -4480
9438 2202
4239 1307
1390 -174
-3893 -610
-458 -4384
5671 7230
-3019 -2664
-3142 -864
6560 7533
3836 6796
4756 -7172
-455 -8167
8484 380
-270 -2659
816 2409
5935 -3142
-288 2010
-5697 2003
5972 -6453
-7711 -286
-8984 3600
-3973 6689
-7243 2917
-4394 -6596
9986 -8801
-5582 -4090
4121 -8412
116 2929
5966 8431
-2893 -4530
853 6452
-7117 4145
-4776 -7677
8976 562
-8209 3923
-9239 8269
-8024 8403
-8220 -6908
-6777 -52
6529 2521
-4546 8834
9258 6758
3090 3890
9097 6743
7495 -670
-2293 -6426
-1010 1775
8805 -5013
9529 -7269
6488 -6621
-9967 -9580
-9483 9484
2734 7475
9044 1779
-4731 -8851
-662 -8842
3712 5505
813 1688
-438 -7459
8282 5596
4368 -514
1609 -843
2595 6737
-9580 894
-4952 3012
2624 9300
-3180 -7102
-5187 527
-2104 -899
-4409 -2597
2305 -5765
1474 -5686
6825 2879
-2003 3526
7248 3824
-6456 5388
-438 -3617
-1598 5860
4333 -2756
-1176 6806
8801 1674
5338 -1988
6351 -7697
8040 -6159
8917 -3073
7974 -912
4624 6998
3317 -798
4588 970
3203 -4761
-661 -101
-670 4844
-4291 -8065
8764 -5087
-6502 9980
5260 6290
5990 -2103
1768 8567
3785 5139
-3503 8227
4248 -3119
6584 9072
9374 7182
1456 -7395
-7024 -5153
3583 -4940
-5747 459
7234 2888
-807 -8313
-4391 4621
-9581 6682
1813 -5862
-950 -4342
-1613 -3995
-5610 -9671
9343 -7689
-9432 -1839
7907 8282
2992 -7762
-6287 -8251
-3293 8976
949 5990
5224 -7095
6650 9648
3887 5939
4368 1143
8211 5007
5536 -9432
-7077 4909
1992 7596
4847 -7546
-2417 3050
-646 4368
9411 -3831
-8048 -2591
-3471 7342
7304 4540
-6238 6748
-9774 2499
6191 7842
9144 6560
9529 -4776
1537 3511
5731 3638
2377 -1999
-7677 -7418
3213 -9871
5048 -3949
-1204 -9057
-8469 1537
7161 -8905
-2383 -8147
-5568 6480
4113 9429
-6822 9313
2140 3948
3192 9334
5220 7446
65 9334
463 -267
9683 7539
2031 8686
3020 -6629
-8703 -4239
5590 -8037
9503 5352
-6563 5818
7581 -803
-545 5991
6608 8871
36 -8466
9498 -9037
-746 -5582
-7858 4386
-3949 7059
8034 -9955
-1105 -9848
4267 5379
-8745 -6277
4316 1477
-3890 -8040
-4442 846
-7277 3822
1708 3974
-5178 -1887
-9948 -3380
9136 6760
8233 5004
-2286 -7277
-6837 5592
-4528 -3319
9334 60
2146 -7699
-9353 3638
3189 -4291
1726 -5762
-2905 8930
7637 -113
-2756 -3394
-286 -7102
7398 -5620
4799 -9725
5025 7061
9481 -2637
9058 2313
2953 -6475
290 -6277
-1510 -262
5594 -6269
-964 1355
-3380 -9738
8756 8917
-9566 -9239
4112 -5241
-2424 6075
2599 2902
-4828 -6502
6008 -3422
-4558 2377
-8886 6351
4079 9872
-7189 -9225
-7683 -890
-2684 -7683
-5073 8379
7348 6737
-8593 8500
1081 -54
7269 -7319
-3640 -7489
-30 1583
-7706 9563
890 7010
6487 3021
5426 5430
793 2830
-5826 -746
5858 2765
-8598 -803
8014 506
-2213 -6565
8057 8211
8307 311
-3975 -6588
3058 8685
896 -2104
8604 -4327
-9742 3077
-9013 -6321
-8709 -5748
-1884 -4291
-625 -7619
-670 -9812
-8621 3005
-5656 -438
-286 7639
6661 8589
2267 9733
3718 1775
-2357 4847
8049 9060
-2625 5460
-4066 1749
-1872 8233
-159 -7082
-7051 4704
-180 -1737
8834 9673
-965 -8890
8700 6093
7457 -4975
-8536 4192
5714 -2385
-4755 -2620
-8280 -8065
-6600 1247
5600 3718
2260 6310
-6704 -4282
-3614 313
2738 -7762
-2433 -253
9510 8021
8184 4695
870 -5315
-5166 -2795
7539 5188
-8466 7564
6010 6118
-572 1566
-4137 -7892
4633 -4459
-1688 -8504
5401 -3669
-518 -7349
-9107 6191
3063 -4603
-5487 657
-543 -4760
9484 5600
5205 995
-3969 2463
3822 9321
-6363 6359
7839 3435
1531 89
-9566 -2272
591 7635
6682 -1286
6015 -7711
3372 -4209
-2466 6565
-572 3058
3342 -9377
9624 7980
-3085 -5459
6762 -3855
-871 2322
-4977 -5817
-5480 -8792
-6632 3372
8151 3930
5202 -5845
-6596 3836
6944 3512
5138 5536
-1962 -6266
3212 5777
7733 9300
6165 -7208
7960 3317
-9692 -9812
-5817 -2275
6266 -849
5000 -8921
-8921 7634
-8116 6798
2501 -1246
-2931 4872
5941 4392
5087 463
-6277 9817
-950 6455
2107 -7683
7230 9697
-3757 9091
4533 1306
4784 8192
1472 89
-8023 -5602
1583 -9875
4930 7651
1576 4624
-6293 9817
-2014 -9793
44 9708
-545 2284
6686 4434
-8851 -1793
5746 -9495
-8432 -6952
1798 9262
-6248 2238
-1421 -1010
-8117 4254
-7080 -9216
-2597 -1298
-7400 9855
3792 -4572
813 -54
-1250 -8013
1087 -2905
9008 7621
-7788 -7243
-9377 7626
4152 -4915
1462 8895
-2861 -563
9708 6173
-7938 8675
1516 -2893
1606 -561
-6377 -9848
1819 396
5904 6529
9371 -2417
7630 6232
-267 -2615
3226 -4121
3142 5059
7639 -5288
8528 -4232
6922 6046
8233 -101
8975 1925
-5739 5790
9683 8243
-208 7903
-4237 4605
-1839 453
-6186 -9518
-1435 1643
-2746 -2106
-9747 7279
-4574 4086
106 5590
5995 -1786
3766 9927
-7316 -9914
-9143 3678
-2773 -5729
-5449 -7277
995 -5831
-474 8183
-1401 1439
4621 -2426
4480 1402
-7141 -4291
-3953 -1972
6363 -5478
2606 9848
-486 9624
1770 -7241
-9941 3614
-5845 -4197
3135 -3756
3263 -3973
5825 3212
8174 795
-7389 3731
-5227 7307
-1745 -3973
368 -1997
4982 -8062
-431 5856
9375 1689
2562 4644
6494 -4818
5430 -1150
3345 -5084
-9692 -1856
-7677 6299
-4144 8227
-2359 -5364
-2013 1159
-1073 2289
823 -1609
6717 7428
-5470 7423
-1620 6077
-965 1030
-8536 -7164
846 -5890
-7202 -7141
-8037 4240
-9876 -1383
4322 7539
9305 7146
-7426 3731
-8278 7898
-7946 2917
9041 -5568
8740 7495
4475 4847
-8391 1798
9754 8547
201 1945
2236 7775
-8255 -965
-5765 -4066
7234 -166
-1566 6760
8218 -5726
-9934 3483
7401 5679
-8097 8778
8756 -5241
-3290 -1624
-5539 -4095
591 2183
-9812 -7024
-3822 8403
3745 -8890
8561 866
-6501 9097
2137 2902
4111 -2446
8060 9581
8902 2322
3643 6697
-6269 -965
-3669 8305
-7900 6075
-1471 -3598
-3422 7513
9083 -4776
6054 -7629
-369 -4556
-9495 7941
-4798 -8851
918 7754
-5293 2884
3097 5087
5737 8149
8522 -2683
9847 -3744
-1547 -4889
4416 3108
-9062 3640
-9733 -3270
7476 3502
-2713 -93
9718 6031
5483 -2164
7279 3526
-9153 4028
1819 3276
7507 -5364
-3170 2595
2041 -5937
-2962 9783
7636 -4633
8759 4844
-903 6052
5562 -5579
-3025 -5312
9683 3342
-4021 3889
8699 -2796
-4480 -2062
2799 5646
4073 -4698
1443 -5573
-9051 -6494
-2861 3531
-873 1034
-7169 -5333
-4413 4066
9163 2285
4203 9683
8192 6915
-6109 9833
-9100 3213
3053 -3207
-8192 -4528
-6545 5039
5577 -1961
-669 -4459
-7930 -1437
-5570 7503
-8211 -5620
-418 -6745
-9755 2991
-6123 5732
1002 -1528
-6240 -94
-9738 1430
7453 -5053
-9226 -6540
-4882 -3286
-610 -1786
-7024 5828
-5686 7540
-2145 -5967
-21 -6931
-4048 -7446
-7385 5694
-3831 -8280
-4889 -7488
-9967 -7498
-4223 3863
-4015 9096
-3614 1798
2313 2009
-4550 3008
-6505 928
2182 4831
-9284 -1972
2269 1424
3569 -7652
5868 5779
-3207 -2293
9349 7529
-2900 -5885
-2891 2646
-8679 201
6669 9680
4850 7185
-8278 -4528
-8851 -54
7635 -4037
8819 -5817
2888 4722
-2681 -3085
-6010 -7942
6719 7660
9302 -2657
1705 2260
9185 5983
577 -6794
-5915 -8465
4086 9163
-2448 3189
3979 4624
8634 -2964
8556 -2812
-4295 9093
3247 1643
-9952 -6390
7247 -5699
-5260 -2842
-4623 -5951
4121 -545
7410 -4868
-4758 8419
-1359 -2844
-6897 4345
4807 -1905
1191 3391
1735 -1134
-2385 3580
4601 -6949
9897 -3558
9418 -7752
4335 952
-6390 8759
-4232 8609
-8955 4124
8024 -1176
-631 -4342
7187 -9720
6688 9060
-6448 8699
-1313 4368
3853 6725
221 -1533
2600 5180
-1150 6523
-2871 -5417
4245 9302
-6574 -455
-9223 -3372
-2808 1931
-5582 -2203
7651 801
4621 -7863
1062 9748
791 -756
-1274 6992
8849 -3428
3759 -2162
2765 -757
-7002 -4123
9409 8192
5902 3726
3360 -5109
296 -6277
-1790 -8705
7863 9014
-3432 6737
7010 296
3153 3247
3060 6336
3458 -2807
7626 -6502
-2284 -21
2324 5596
2594 -8685
-4381 8463
263 -4250
-3074 -156
-9131 5902
9934 -1856
5817 5585
-3055 -1457
-4227 -5949
-2104 8218
6890 -5146
-6650 928
-9048 -8955
-517 -8135
4304 -4339
-5636 -3129
-6099 -8527
8052 -4112
-5431 -1848
7059 -572
8158 -2987
-8235 4717
8900 7339
-7084 1789
1065 9041
8496 -2756
3805 -4895
4497 -8639
-6645 -5566
8933 -572
8582 9498
-1063 7069
-6278 848
-5411 8094
-3422 8512
-5946 -4785
-174 201
5338 3562
7996 8976
1749 -113
-5315 3614
355 -843
-9495 7249
5867 6725
-7892 -752
-3978 6762
7529 6284
8279 -6505
7227 -4503
-7855 -7316
8403 1978
-6456 7182
8562 7011
-8040 -5082
5560 -6494
9919 3629
6529 -7603
-5430 44
131 -1001
4721 6480
-5822 -2267
8024 540
-6705 -7985
995 -7946
-8706 4952
-4572 8719
-8502 6096
5460 -7892
-5070 1430
7941 -5200
9814 -1856
1065 8422
-2 -6504
7559 -5967
-2164 8024
3862 8933
8673 -8885
-5602 3180
-3406 9427
-2497 -5456
8190 6001
-54 8903
3313 2517
2057 8614
4605 -2009
2734 4678
-3783 9490
-3984 4494
-3224 2929
7528 -8883
3999 -65
9756 2482
-4331 2724
-4961 -1250
9807 -1781
-6646 -41
-5760 -4776
4001 7941
697 8797
-4665 -1931
3278 5876
8329 -3404
-8399 -8235
9397 9718
6856 -6565
-8668 4585
7401 5167
-2062 6725
393 -4381
-5574 -3862
1947 2396
-1250 -4543
-294 -6235
6118 -8007
2626 -4209
6487 -7128
9349 1295
3008 9215
4392 -8165
-7764 -9733
-4250 -1935
-5579 -1745
7079 225
-6748 -7524
-7184 -4448
-1563 -4522
119 3549
-9738 -8210
-8400 920
8707 -8976
5766 -9660
-4239 8933
1329 -311
-4619 2827
4166 6427
-2576 5383
-3504 7457
7517 -9550
2244 -3908
2521 3226
-5686 2884
2636 -4442
-6945 -8013
-2881 4105
-6565 5243
-3592 -5263
-5115 -4758
982 -5551
1701 9625
-969 -2958
208 6660
-8521 9561
-3950 -1116
2934 -1790
3384 6634
8562 6725
-7395 5750
9733 6533
5902 -126
-1431 -4910
8562 7793
-1959 -3949
6284 6096
8357 8582
4210 7323
-9206 -7077
-2533 9581
-8750 2769
4793 -3949
-1682 4772
6310 3428
8227 7475
-3606 546
4343 -6426
-6189 550
-8250 -2613
7025 513
-2429 -5013
7983 1467
695 3391
3864 2760
5655 2713
257 -7076
2031 -455
3562 1729
184 -1519
2463 5857
-8531 920
-2742 6284
-6794 -570
-4241 -7714
8359 -4207
892 -8117
2704 474
6333 -260
-5748 -9580
-8630 -5515
-5054 -2286
6895 -4798
-1786 -7652
455 -7259
-1267 -545
-7366 -6047
-5831 5585
9182 -7095
4982 1748
9305 4621
8639 -4066
870 4120
-2380 1726
6896 8014
-9733 -7210
-3262 -1491
-2801 3930
-7208 -2931
3761 -3394
9072 -2708
-8007 -7080
109 -7892
3886 9302
1119 -1167
-6238 5422
7342 4993
-5578 6305
8571 -8580
-6258 527
-2613 8174
7065 -6266
8419 -5656
-8379 4908
4312 2708
5284 -1392
-1793 5426
-6588 8419
5533 -9660
-9529 -2479
4127 2571
-1972 6849
-8210 -7
6660 7630
-803 3107
5918 1086
-2178 -9131
3459 9083
2657 1373
-893 3054
3005 6849
311 -9188
8057 6905
1155 4809
-52 -8165
6290 8516
-5261 7352
-1519 -8264
-4522 -4239
-7104 -7963
7702 -3085
504 5261
716 -6712
3863 6529
-9888 8236
-5826 -7170
7249 -1688
9091 -3223
-806 -9340
-7892 5816
8205 -9296
-7859 -5456
-1519 -3117
1915 -4291
9648 2315
8561 -1063
-1150 -2267
-7913 -4000
-6710 -3702
9253 -1421
-1116 5460
3213 -9194
7759 52
-3947 8740
313 5616
-386 -3057
-9316 -5449
5048 8236
-4561 -8556
9321 -4291
2542 -3073
-6092 7618
-4566 2641
9260 -4391
2991 -9351
-6494 -6868
6564 -1363
-5687 106
-2616 -7084
2430 -6047
8236 9699
-5412 8291
-7102 -8205
9648 -1231
8567 -9398
3889 9418
9833 -843
5779 8419
6914 -2385
4111 2910
-115 -9153
-1329 -3758
8734 -4679
-9871 -4767
4983 -6049
-5756 6655
503 3761
-3372 5197
9640 -6588
-8313 -5653
-4472 7234
7318 -5087
7892 8556
-7210 9927
7446 874
-9738 4058
9932 3021
5817 -7985
-6804 9699
-1634 6052
813 9733
7975 8759
-411 870
-7446 -5227
-5234 -1451
4124 8570
5910 -311
6513 3020
-2893 -3412
6725 4806
-4319 -687
-2431 5847
-6458 -8497
6677 8211
8849 -9088
1874 4766
-2385 1972
-1392 5742
-1721 4908
-5817 -2090
406 2565
7722 5941
6310 4831
-2359 6107
-4855 313
2358 -4624
-5832 7487
5463 5902
8403 8120
7145 -9213
-4925 8895
-6514 9909
7663 -5237
-7616 -4326
-5073 4983
-6608 -2417
9766 1609
5585 -466
7620 866
-6047 -1988
-1390 -474
9461 8563
-1998 5616
-893 -1980
-4767 -1872
-4629 9494
5342 -3702
89 2237
-4564 -4619
-6129 -6608
1376 7247
-2626 8976
6650 -4633
-561 7386
-4223 1119
-3303 9756
-9188 7941
9554 -5261
-490 -7246
2374 8756
-5863 5205
3649 -2096
3726 -1786
-4391 -2380
8562 4633
-5478 5746
-5487 -8160
7020 2521
-1464 -4355
9484 3860
970 6075
9691 -5234
2610 332
5672 4280
-3664 -5699
-5812 -2007
-7714 481
-1909 7735
-7259 4079
44 -5718
6118 4434
-5685 2724
4934 2422
3881 8307
-1669 2621
-4748 3863
3606 8051
6065 -2861
6351 7733
910 4601
4058 -7998
-6381 7529
9498 7544
-5687 -7972
6535 645
-2931 9014
-9032 -971
5616 2107
458 4540
-3728 -855
5192 9397
-4530 -5610
-5826 1095
3060 9927
-9506 4467
-3119 -8883
-4791 -681
6725 9658
3954 -2615
4624 -1149
-6952 -2958
-9875 -6128
-7105 6634
-4555 4120
1570 5037
-7385 635
-8065 3226
2760 1897
-9870 -620
1746 3930
-139 -2664
-1935 8562
5205 -4629
-54 9051
4371 -386
-1435 -2267
6346 -8210
1571 -9733
-8093 -9343
9748 -6397
-8358 6008
-3129 5205
-589 1390
6807 1461
263 -5752
3091 7906
-3985 -6025
6628 -3995
8852 -8890
-9660 -3290
-7164 5015
2577 2239
2857 8902
-4818 9262
-7677 9044
6845 4993
-5529 3100
-3666 -9981
63 -522
3440 -7762
1 9259
5261 -1492
5022 -4566
-8750 3731
-5686 -6645
9742 8871
3661 8375
-8556 4999
6173 -5833
-2850 -913
6335 -5890
4109 -6439
-675 2991
298 466
2641 44
-4145 5579
5204 -7109
3391 2036
-1528 7531
-2136 7537
-8527 481
-6164 -806
7974 1783
1682 -6456
-7071 -6952
106 3948
257 1416
-3855 8930
4796 1708
1073 9328
-5429 3203
-2247 334
-7946 -6047
-7725 -8645
-286 2827
3550 7531
7195 -5511
6081 5387
-9179 9374
-4683 -8923
-7077 -8885
-9897 -605
-2719 6758
7087 -7616
-6803 -545
-6999 617
7230 -8112
-3702 -5146
8242 -8497
5008 2565
1726 -757
-174 697
2838 9529
-7714 1972
201 -851
2565 5703
-8578 -40
6443 -4384
2564 7433
-8460 5646
3824 -3771
-6174 -4065
-2607 -5109
1844 -5445
-7135 5821
-5278 791
-2829 -8533
1086 -6475
3761 -6164
6690 -8504
3948 -5315
-7863 -8141
8422 -2605
-8553 -5547
1422 5867
5145 -851
1275 9060
8112 -8115
-8905 8291
4105 6438
-5898 8525
-1766 1266
-6472 9409
-574 -1149
2009 7087
-126 2713
5832 4102
8057 -6868
-4619 4408
-5146 -4522
-55 406
-5580 7269
-9993 -6306
-3025 1891
-8516 2594
4603 3213
-6535 6093
-5752 -411
6798 -9392
-2155 -4197
396 -9298
-2616 2003
172 -4683
-5459 -4295
-7699 6490
-7536 2641
-9013 9848
9713 -1043
4748 3381
-6327 -8432
-8494 5150
1851 5799
-7278 1030
-5449 6266
-1492 1901
1691 399
7428 -3295
-4700 -7
2938 6812
-2016 -2643
6689 6584
1604 -4094
-4698 8970
9876 -7711
8095 1689
3512 -6608
9175 -8298
352 104
7143 715
-8428 -9007
4283 -6795
-4572 -6714
6494 5777
-2713 2276
4704 1462
6416 -9229
6529 -3641
1416 801
4300 5941
466 -4975
7369 9136
7212 1635
-8007 -5511
-7398 -4882
-6500 8512
-7176 3091
3581 4497
1372 3930
9449 -115
481 8516
-3605 6070
-6313 -5411
5699 -2003
-5602 -2905
-6497 -3833
-5356 -7866
-3106 1557
-3394 5038
-7457 8205
-9706 -1795
6046 -187
4467 -6822
-1376 6495
-2365 2866
-2965 6758
-9592 7475
2063 -2178
-4327 6363
-7366 7395
4952 9038
8139 -7762
4059 2991
-8923 -4238
4042 9919
-4106 -9957
-570 -1753
-1609 719
1086 562
2086 5553
-2380 9699
-1766 -6711
6172 -9036
-7022 -5083
-4137 -6777
-3228 481
-1308 8402
3985 -6085
8410 -9948
-1363 7244
-9660 466
9875 1819
5348 -1349
2441 5205
-4457 -458
4872 -7109
4427 4467
-3422 -9836
6333 -4384
-7319 7793
-1526 3342
-8624 -8474
4680 1992
8113 -7277
-789 4094
2570 9041
-6505 9718
638 8323
-8023 -6293
-1010 9461
6978 -4239
6566 -6596
9366 208
-5494 2675
9679 -6645
4376 3012
9563 -6674
-9402 -4677
-890 -3975
-7985 -8091
3923 9807
-7988 1774
-7725 -8708
-7600 9631
-7985 5553
9733 -3978
4670 -779
8250 2220
263 466
-400 313
9742 3863
3314 1901
-7278 -903
-6673 -6129
8184 3726
3633 -4528
6737 6634
-5169 -9316
-9176 3203
2 789
789 -1367
1629 1613
8291 -1766
-657 3923
-7 -6907
6310 -3950
-1167 -2634
-4528 7241
-5656 -6822
-3824 5995
9384 7685
-8313 5272
7660 -7942
3535 4058
-2905 7495
-563 -4048
-3223 6743
-2904 6849
-2653 7011
3732 3020
175 -9660
-3150 6758
7941 -1392
4903 9588
-5566 -139
317 -582
-7658 6242
-4942 4809
6096 -4754
-9298 -9914
4772 982
-3832 -5686
-3660 1247
8192 8192
5601 6564
104 -5691
-7410 4111
-4572 -2713
8740 -6931
-7603 7070
9697 2140
5460 2503
-6863 7618
-1795 2958
1815 -4239
3428 1140
8184 -3669
-3163 -3811
-2742 -6456
-3283 -5227
4809 -8023
-6581 6430
-1880 -1840
-1624 -3862
-4843 2902
690 -4761
1621 -9890
3309 7446
-770 4151
-7001 2775
-5656 -6288
-4242 -4952
7475 -5845
-9350 -9848
-6475 -9239
-8349 5609
9328 4983
-6155 3629
-8769 -4121
-1820 8291
-9026 6725
-6624 -1848
9195 -2448
-8588 -9865
-6714 9683
7210 487
-803 -9153
9186 -2448
-7128 4633
-7034 2675
-8147 -3449
6262 1222
675 7227
8266 -1526
-6351 3600
-4547 -6677
5715 225
6817 7263
-7361 8561
546 -52
1430 -9538
9427 697
2738 -6258
9538 504
-5729 8606
-2036 7503
7279 -3890
3527 3041
9380 -2053
-4975 -6092
298 9097
6915 6419
-7113 -7536
-2106 -7034
6077 9186
925 -8944
7475 5126
3955 -4623
6075 -21
9837 -8037
9798 2107
4893 1735
7529 6439
-2677 2374
-7071 -6674
7305 -9812
9227 -958
-4360 -132
6492 2657
4052 -7731
7230 9833
2902 -1880
1773 -253
-1149 6191
-7081 -2426
-4039 -5862
-8160 2313
1073 -3412
-113 8168
5787 9329
-1318 2209
-3001 7553
-2602 617
-5295 9567
1118 3342
920 -2497
-2951 -3262
6892 9136
8805 -7985
2 -7930
-1437 8849
-1840 -6714
5579 -6026
2636 -6458
7391 -1519
-1770 -3378
7775 -3040
1537 -5331
-6808 2991
812 -5221
-650 313
-166 3640
9675 9490
-9040 4971
812 -8835
-2121 5460
-2244 -8735
9374 -8280
-6972 -1683
5188 8323
2761 4799
5799 -4754
-8807 4140
803 -8516
4882 -3606
8422 8744
6356 -8313
396 -6186
3939 -1256
1629 1835
6299 481
5051 2646
-5217 -311
-7385 -2732
-228 -4698
-3473 5773
-1246 -1063
-7834 7395
6565 2063
-1773 -6846
-7615 7339
-3795 8604
4113 3956
-8343 -9748
2929 6123
5497 1275
-5512 2140
-1457 -2030
-1624 1688
-2771 5042
370 -5611
2646 4633
8177 -4394
-4274 -8783
8086 -9580
-8727 -706
2973 7903
4146 2862
9304 -9738
8404 1298
-8765 -9108
-7619 2433
-6351 8462
-8684 -4232
-191 -6159
296 -8210
7241 -7176
-9993 -326
3409 -9747
-2030 -893
3526 3923
-6062 -2479
1479 -9058
2812 -6863
6363 9719
6644 9058
-3040 -871
-5487 3868
-1149 -3503
-4677 225
-6416 -9755
-5561 4386
5918 2463
5430 -8007
-9225 -3119
1337 -3283
2299 9833
-3752 1373
5679 7626
2503 -2467
-2265 3012
-834 -4925
-4809 -9957
-4714 -9566
-1983 7651
7242 -8580
-7076 1865
-572 4872
3857 -2905
-31 3784
-2613 7079
-7762 7339
26 -855
-21 4908
-1872 -9237
-5676 3863
-8504 -9748
-6261 7531
7147 -7410
6608 3005
3071 290
3350 2897
5279 641
1735 1376
3729 3678
1424 -21
-5863 4704
-9720 9313
-1715 3483
5665 -8689
5387 -56
6232 -3250
-369 2769
9490 -2442
-9738 5130
-9011 5536
3921 6650
-545 458
1931 5742
-1491 8462
-3502 -4665
2009 1963
2396 -9107
8930 -6186
-6314 -3969
-5645 5902
-8766 -9506
4003 -3380
4644 -284
-1363 6581
9300 9494
-3786 -8147
5182 -9527
4981 -5833
7615 -7240
9413 5145
-2770 -3788
-6475 -411
-6629 2830
-3085 -9280
-1150 -6908
-729 5008
9774 3588
4316 -705
3853 -657
1338 8522
7409 269
-8395 -4380
9486 4031
-9293 -4991
-3637 -9748
-3783 -4889
-9351 -2893
